SKU,Deal Fee,FBA Inventory Fee,FBA Reimbursement,Liquidations,Other marketing Expenses,Storage Fee,Total Sales,Total Units,fba fees,promotional rebates,selling fees,Year-Month,Channel,CM1,heads_CM2,CM2,Spend,heads_CM3,CM3
0,0.0,0.0,0.0,0.0,0,-936.49,0.0,0,0.0,0.0,0.0,2025-04,Amazon-UK,0.0,-936.49,-936.49,0.0,0.0,-936.49
200855,0.0,-4.92,0.0,0.0,0,0.0,1055.89,11,-64.57000000000001,-49.77,-178.52,2025-04,Amazon-UK,1055.89,-69.49000000000001,986.3999999999999,206.68,-434.97,551.4299999999998
6C-BUK7-5RZ2,0.0,-3.72,0.0,0.0,0,0.0,591.0799999999999,26,-82.13,-3.95,-106.23,2025-04,Amazon-UK,591.0799999999999,-85.85,505.2299999999999,327.59,-437.77,67.45999999999987
6K-V5EA-6U0R,0.0,0.0,39.96,0.0,0,0.0,0.0,0,0.0,0.0,0.0,2025-04,Amazon-UK,0.0,39.96,0.0,0.0,0.0,0.0
EP-368E-GHBP,0.0,-0.8500000000000001,0.0,0.0,0,0.0,139.32,5,-17.4,-1.87,-24.75,2025-04,Amazon-UK,139.32,-18.25,121.07,9.92,-36.54,84.53
KCA-200838,0.0,-8.54,0.0,0.0,0,0.0,1315.62,46,-245.89,-36.48,-197.63,2025-04,Amazon-UK,1315.62,-254.43,1061.19,1283.7,-1517.81,-456.6200000000001
KCA-200839,0.0,-8.61,0.08,0.0,0,0.0,1083.16,46,-247.51,-33.74,-192.74,2025-04,Amazon-UK,1083.16,-256.04,827.1200000000001,724.71,-951.19,-124.0699999999999
KCA-200840,0.0,-7.69,0.08,0.0,0,0.0,1108.22,39,-227.3,-18.01,-168.55,2025-04,Amazon-UK,1108.22,-234.91,873.3100000000001,978.35,-1164.91,-291.6
KCA-200844,0.0,-8.65,0.21,0.0,0,0.0,1429.89,40,-142.87,-30.78,-262.77,2025-04,Amazon-UK,1429.89,-151.31,1278.58,637.7900000000001,-931.34,347.2400000000001
KCA-200845,0.0,-7.29,0.0,0.0,0,0.0,1246.58,35,-122.01,-21.27,-227.11,2025-04,Amazon-UK,1246.58,-129.3,1117.28,568.12,-816.5,300.7800000000002
KCA-200846,0.0,-15.96,22.56,0.0,0,0.0,2764.54,77,-274.16,-80.13,-495.04,2025-04,Amazon-UK,2764.54,-267.5599999999999,2496.98,492.0699999999999,-1067.24,1429.74
KCA-200847,0.0,-3.95,0.0,0.0,0,0.0,676.9100000000001,19,-67.59,-11.44,-121.97,2025-04,Amazon-UK,676.9100000000001,-71.54,605.3700000000001,324.96,-458.37,147.0000000000001
KCA-200848,0.0,-2.18,0.0,0.0,0,0.0,358.76,10,-39.0,-8.2,-66.71,2025-04,Amazon-UK,358.76,-41.18,317.58,37.74,-112.65,204.93
KCA-200849,0.0,-33.83000000000001,48.99,0.0,0,0.0,6323.11,117,-597.0500000000001,-248.58,-1124.53,2025-04,Amazon-UK,6323.11,-581.8900000000001,5741.219999999999,2273.99,-3647.1,2094.119999999999
KCA-200851,0.0,-2.76,0.0,0.0,0,0.0,542.41,10,-47.3,-19.87,-94.08,2025-04,Amazon-UK,542.41,-50.06,492.35,51.49,-165.44,326.91
KCA-200852,0.0,-18.01,0.34,0.0,0,0.0,3263.21,60,-332.35,-120.63,-575.85,2025-04,Amazon-UK,3263.21,-350.02,2913.19,3764.37,-4460.85,-1547.66
KCA-200853,0.0,-5.32,0.0,0.0,0,0.0,936.15,20,-105.19,-27.86,-169.55,2025-04,Amazon-UK,936.15,-110.51,825.64,645.5699999999999,-842.98,-17.34000000000003
KCA-200854,0.0,-1.48,0.0,0.0,0,0.0,288.71,3,-18.18,-1.25,-55.72,2025-04,Amazon-UK,288.71,-19.66,269.05,0.0,-56.97,212.08
KCA-200856,0.0,-2.88,0.0,0.0,0,0.0,574.92,6,-35.07,0.0,-107.47,2025-04,Amazon-UK,574.92,-37.95,536.9699999999999,0.0,-107.47,429.4999999999999
KCA-200860,0.0,-129.16,1.14,0.0,0,0.0,22532.99,716,-2412.85,-553.37,-4059.67,2025-04,Amazon-UK,22532.99,-2540.87,19992.12,12320.7,-16933.74,3058.380000000001
KCA-200861,0.0,-3.47,0.0,0.0,0,0.0,579.14,12,-66.37,-5.1,-112.43,2025-04,Amazon-UK,579.14,-69.84,509.3,4.34,-121.87,387.4299999999999
KCA-200862,0.0,-3.18,0.0,0.0,0,0.0,571.8100000000001,12,-57.85000000000001,-1.93,-104.57,2025-04,Amazon-UK,571.8100000000001,-61.03000000000001,510.78,180.98,-287.48,223.3
KCA-200864,0.0,-5.85,0.08,0.0,0,0.0,935.9399999999999,21,-119.84,-26.84,-172.19,2025-04,Amazon-UK,935.9399999999999,-125.61,810.3299999999999,1651.97,-1851.0,-1040.67
KCA-200865,0.0,-14.13,0.28,0.0,0,0.0,2282.63,54,-292.75,-60.16,-412.73,2025-04,Amazon-UK,2282.63,-306.6,1976.03,1119.37,-1592.26,383.77
KCA-200866,0.0,-1.46,0.0,0.0,0,0.0,286.48,4,-23.48,-14.34,-48.98,2025-04,Amazon-UK,286.48,-24.94,261.54,199.79,-263.11,-1.569999999999993
KCA-200867,0.0,-4.0,0.46,0.0,0,0.0,645.96,9,-65.95,-35.83,-114.2,2025-04,Amazon-UK,645.96,-69.49000000000001,576.47,123.02,-273.05,303.42
KCA-200868,0.0,-4.94,0.08,0.0,0,0.0,763.3499999999999,33,-108.08,-16.48,-136.33,2025-04,Amazon-UK,763.3499999999999,-112.94,650.4099999999999,42.47,-195.28,455.1299999999999
KCA-200869,0.0,-0.74,0.0,0.0,0,0.0,95.22999999999999,4,-18.42,-1.11,-19.0,2025-04,Amazon-UK,95.22999999999999,-19.16,76.07,190.08,-210.19,-134.12
KCA-200870,0.0,-1.85,0.0,0.0,0,0.0,297.17,13,-39.69,-4.8,-53.58,2025-04,Amazon-UK,297.17,-41.54,255.63,542.23,-600.61,-344.98
KCA-200871,0.0,-2.85,0.0,0.0,0,0.0,526.72,13,-51.16,-14.69,-93.09,2025-04,Amazon-UK,526.72,-54.01,472.71,205.05,-312.83,159.8800000000001
KCA-200872,0.0,-6.54,0.0,0.0,0,0.0,1193.15,29,-119.24,-26.45,-211.61,2025-04,Amazon-UK,1193.15,-125.78,1067.37,908.48,-1146.54,-79.16999999999985
KCA-200874,0.0,-32.98,6.97,0.0,0,0.0,3873.76,284,-905.61,-84.72,-695.06,2025-04,Amazon-UK,3873.76,-931.62,2942.14,4016.89,-4796.67,-1854.53
KCA-200889,0.0,-1.53,0.0,0.0,0,0.0,229.48,8,-34.56,-8.15,-41.36,2025-04,Amazon-UK,229.48,-36.09,193.39,997.6500000000001,-1047.16,-853.7700000000001
KCA-200914-,0.0,-1.01,0.13,0.0,0,0.0,145.62,4,-19.13,0.0,-24.17,2025-04,Amazon-UK,145.62,-20.01,125.61,125.68,-149.85,-24.23999999999999
KCA-200915,0.0,-1.86,0.11,0.0,0,0.0,326.13,9,-33.82,-1.67,-51.17,2025-04,Amazon-UK,326.13,-35.57,290.56,65.41,-118.25,172.31
KCA-201033,0.0,-2.17,0.0,0.0,0,0.0,355.95,12,-39.64,-5.51,-63.0,2025-04,Amazon-UK,355.95,-41.81,314.14,128.31,-196.82,117.32
KCA-201169,0.0,-11.97,0.22,0.0,0,0.0,2000.01,56,-205.28,-63.35,-363.85,2025-04,Amazon-UK,2000.01,-217.03,1782.98,853.37,-1280.57,502.4100000000001
KCA-201195--,0.0,-6.64,0.0,0.0,0,0.0,1100.78,42,-145.73,-29.2,-193.33,2025-04,Amazon-UK,1100.78,-152.37,948.41,490.4,-712.9300000000001,235.4799999999999
KCA-201223,0.0,-2.3,0.13,0.0,0,0.0,468.98,11,-39.12,-28.09,-67.41,2025-04,Amazon-UK,468.98,-41.28999999999999,427.6900000000001,353.86,-449.36,-21.6699999999999
KCA-201297,0.0,-13.46,0.0,0.0,0,0.0,2258.23,75,-258.15,-38.33,-404.14,2025-04,Amazon-UK,2258.23,-271.61,1986.62,1341.9,-1784.37,202.25
KCA-201315,0.0,-1.09,0.0,0.0,0,0.0,197.02,6,-20.32,-6.5,-33.92,2025-04,Amazon-UK,197.02,-21.41,175.61,289.99,-330.41,-154.8
KINCLEARWHEY,0.0,-0.35,0.11,0.0,0,0.0,32.49,1,-6.08,0.0,-7.139999999999999,2025-04,Amazon-UK,32.49,-6.319999999999999,26.17,557.02,-564.16,-537.99
KINLACTIVECHOC18KG,0.0,-4.14,0.0,0.0,0,0.0,767.32,16,-80.93,-36.57,-131.27,2025-04,Amazon-UK,767.32,-85.07000000000001,682.25,1807.95,-1975.79,-1293.54
KINLACTIVERASP18KG,0.0,-1.22,0.0,0.0,0,0.0,239.32,5,-23.65,-20.87,-39.31,2025-04,Amazon-UK,239.32,-24.87,214.45,259.83,-320.01,-105.56
KINOATCHOC24KG,0.0,-4.12,0.28,0.0,0,0.0,636.53,15,-84.56,-15.82,-113.7,2025-04,Amazon-UK,636.53,-88.4,548.13,4.050000000000001,-133.57,414.5599999999999
KINOATCHOC48KG,0.0,-0.85,0.0,0.0,0,0.0,145.11,2,-13.09,-1.87,-28.74,2025-04,Amazon-UK,145.11,-13.94,131.17,0.0,-30.61,100.56
KINPFUELWATER300,0.0,-0.42,0.08,0.0,0,0.0,45.51,2,-9.0,-0.53,-8.91,2025-04,Amazon-UK,45.51,-9.34,36.17,0.0,-9.44,26.73
KINPUELBERRY300,0.0,-2.4,0.0,0.0,0,0.0,385.65,16,-54.45,-34.82,-66.7,2025-04,Amazon-UK,385.65,-56.85,328.8,389.64,-491.16,-162.36
KINWHEYCHOC1KG,0.0,-1.64,0.0,0.0,0,0.0,318.65,9,-29.34,-31.74,-51.66,2025-04,Amazon-UK,318.65,-30.98,287.67,81.84,-165.24,122.43
KINWHEYCHOC227KG,0.0,-0.28,0.0,0.0,0,0.0,53.32,1,-4.73,0.0,-9.6,2025-04,Amazon-UK,53.32,-5.010000000000001,48.31,899.59,-909.19,-860.8800000000001
KINWHEYCHOC4500KG,0.0,-5.58,-15.14999999999999,0.0,0,0.0,954.05,10,-68.99000000000001,-67.06,-172.92,2025-04,Amazon-UK,954.05,-89.72,864.3299999999999,460.26,-700.24,164.0899999999999
KINWHEYCHOCOMINT227KG,0.0,-1.93,0.0,0.0,0,0.0,366.32,8,-37.84,-32.06,-60.18,2025-04,Amazon-UK,366.32,-39.77,326.55,1.61,-93.85000000000001,232.7
KINWHEYSTRAW1KG,0.0,-2.76,23.23,0.0,0,0.0,455.7,13,-45.37,-21.83,-87.1,2025-04,Amazon-UK,455.7,-24.9,430.8000000000001,6.82,-115.75,315.0500000000001
KINWHEYVAN1KG,0.0,-2.55,0.0,0.0,0,0.0,457.78,13,-43.13,-34.41,-80.15,2025-04,Amazon-UK,457.78,-45.67999999999999,412.1,236.28,-350.84,61.26000000000005
KINWHEYVAN227KG,0.0,-2.24,0.0,0.0,0,0.0,434.46,8,-42.0,-25.06,-72.96000000000001,2025-04,Amazon-UK,434.46,-44.24,390.22,0.0,-98.02000000000001,292.2
KINWHEYVAN4500KG,0.0,-5.41,0.0,0.0,0,0.0,1154.19,12,-72.2,-68.3,-198.86,2025-04,Amazon-UK,1154.19,-77.61,1076.58,399.13,-666.29,410.29
LACTIVECHOC900PANEU,0.0,-4.42,0.0,0.0,0,0.0,717.47,24,-86.56,-18.07,-124.41,2025-04,Amazon-UK,717.47,-90.98,626.49,874.55,-1017.03,-390.54
LACTIVERASP900PANEU,0.0,-1.0,0.09,0.0,0,0.0,147.46,5,-19.56,-10.42,-25.6,2025-04,Amazon-UK,147.46,-20.47,126.99,289.01,-325.03,-198.04
OatgainRas48UK,0.0,-1.56,0.0,0.0,0,0.0,286.48,4,-26.36,0.0,-51.56,2025-04,Amazon-UK,286.48,-27.92,258.56,0.0,-51.56,207.0
X7-JI27-U1G1,0.0,-0.8999999999999999,0.0,0.0,0,0.0,174.95,5,-16.3,-17.5,-28.35,2025-04,Amazon-UK,174.95,-17.2,157.75,481.02,-526.87,-369.12
0,-1.35,0.0,0.0,-123.45,-25,-999.72,0.0,0,0.0,0.0,0.0,2025-02,Amazon-UK,0.0,-1124.52,-1124.52,0.0,-25.0,-1149.52
0Z-Z2II-DXNG,0.0,-2.0,0.0,0.0,0,0.0,340.11,9,-35.42,-1.66,-60.75,2025-02,Amazon-UK,340.11,-37.42,302.69,0.0,-62.41,240.28
200855,0.0,-1.29,0.0,0.0,0,0.0,277.46,3,-22.03,-27.74,-42.49,2025-02,Amazon-UK,277.46,-23.32,254.14,1138.26,-1208.49,-954.35
6C-BUK7-5RZ2,0.0,-3.06,0.0,0.0,0,0.0,500.98,22,-67.12,-18.76,-86.72999999999999,2025-02,Amazon-UK,500.98,-70.18,430.8,110.6,-216.09,214.71
83-ZFZ4-NNU1,0.0,-0.17,115.65,0.0,0,0.0,29.16,1,-2.99,0.0,-5.25,2025-02,Amazon-UK,29.16,112.49,-83.33000000000001,181.48,-186.73,-270.06
EP-368E-GHBP,0.0,-4.88,0.2,0.0,0,0.0,708.38,26,-104.63,-21.16,-125.18,2025-02,Amazon-UK,708.38,-109.31,599.07,98.56,-244.9,354.1700000000001
KCA-200838,0.0,-14.94,0.0,0.0,0,0.0,2203.58,79,-442.7,-51.38,-321.52,2025-02,Amazon-UK,2203.58,-457.64,1745.94,236.27,-609.17,1136.77
KCA-200839,0.0,-15.68,0.0,0.0,0,0.0,1949.12,84,-463.86,-72.33,-336.74,2025-02,Amazon-UK,1949.12,-479.54,1469.58,237.75,-646.8199999999999,822.76
KCA-200840,0.0,-3.98,0.0,0.0,0,0.0,591.4399999999999,21,-119.51,-10.9,-85.35,2025-02,Amazon-UK,591.4399999999999,-123.49,467.9499999999999,404.98,-501.23,-33.28000000000009
KCA-200844,0.0,-4.49,0.12,0.0,0,0.0,744.51,21,-84.14999999999999,-21.74,-129.36,2025-02,Amazon-UK,744.51,-88.51999999999998,655.99,0.11,-151.21,504.78
KCA-200845,0.0,-2.89,0.0,0.0,0,0.0,516.21,15,-50.52,-12.1,-90.75999999999999,2025-02,Amazon-UK,516.21,-53.41,462.8000000000001,18.87,-121.73,341.0700000000001
KCA-200846,0.0,-5.69,23.38,0.0,0,0.0,1029.44,30,-99.41999999999999,-32.7,-179.44,2025-02,Amazon-UK,1029.44,-81.72999999999999,947.71,28.65,-240.79,706.9200000000001
KCA-200847,0.0,-6.9,0.0,0.0,0,0.0,1212.39,35,-124.19,-29.75,-211.59,2025-02,Amazon-UK,1212.39,-131.09,1081.3,202.32,-443.66,637.6400000000002
KCA-200848,0.0,-0.92,0.0,0.0,0,0.0,145.79,4,-21.36,-3.42,-24.13,2025-02,Amazon-UK,145.79,-22.28,123.51,0.0,-27.55,95.95999999999998
KCA-200849,0.0,-39.3,0.51,0.0,0,0.0,7292.429999999999,139,-711.26,-274.27,-1264.31,2025-02,Amazon-UK,7292.429999999999,-750.05,6542.379999999999,51.45,-1590.03,4952.349999999999
KCA-200850,0.0,-3.98,0.0,0.0,0,0.0,722.41,14,-74.43,-12.21,-127.11,2025-02,Amazon-UK,722.41,-78.41000000000001,644.0,0.39,-139.71,504.29
KCA-200851,0.0,-18.56,0.55,0.0,0,0.0,3346.91,63,-338.41,-128.99,-582.67,2025-02,Amazon-UK,3346.91,-356.42,2990.49,28.63,-740.29,2250.2
KCA-200852,0.0,-9.74,0.0,0.0,0,0.0,1816.05,35,-177.11,-50.49,-317.21,2025-02,Amazon-UK,1816.05,-186.85,1629.2,554.15,-921.8499999999999,707.3499999999999
KCA-200853,0.0,-1.66,0.0,0.0,0,0.0,302.87,6,-32.54000000000001,-5.54,-52.77,2025-02,Amazon-UK,302.87,-34.2,268.67,0.0,-58.31,210.36
KCA-200860,0.0,-177.21,0.63,0.0,0,0.0,31564.86,1018,-3370.54,-884.66,-5479.9,2025-02,Amazon-UK,31564.86,-3547.12,28017.74,7857.46,-14222.02,13795.72
KCA-200862,0.0,-1.84,0.0,0.0,0,0.0,334.34,7,-35.3,-8.61,-58.39,2025-02,Amazon-UK,334.34,-37.14000000000001,297.2,0.8,-67.8,229.4
KCA-200864,0.0,-1.67,0.14,0.0,0,0.0,248.49,6,-34.73,-9.870000000000001,-44.34,2025-02,Amazon-UK,248.49,-36.26000000000001,212.23,1.62,-55.83000000000001,156.3999999999999
KCA-200865,0.0,-11.62,0.4,0.0,0,0.0,1813.51,44,-259.3,-57.41,-315.53,2025-02,Amazon-UK,1813.51,-270.52,1542.99,110.5,-483.4400000000001,1059.55
KCA-200866,0.0,-1.52,0.0,0.0,0,0.0,300.76,4,-25.69,-22.17,-50.15,2025-02,Amazon-UK,300.76,-27.21,273.55,0.0,-72.32,201.23
KCA-200867,0.0,-2.7,82.49,0.0,0,0.0,546.38,6,-43.9,-46.68,-89.83,2025-02,Amazon-UK,546.38,35.88999999999999,510.49,0.0,-136.51,373.98
KCA-200868,0.0,-0.56,0.0,0.0,0,0.0,92.02,4,-12.0,-2.06,-16.2,2025-02,Amazon-UK,92.02,-12.56,79.46,0.0,-18.26,61.2
KCA-200870,0.0,-3.89,0.08,0.0,0,0.0,599.53,26,-87.22,-15.41,-104.84,2025-02,Amazon-UK,599.53,-91.03,508.5,0.0,-120.25,388.25
KCA-200871,0.0,-1.92,0.0,0.0,0,0.0,330.73,8,-40.55,-9.66,-55.26000000000001,2025-02,Amazon-UK,330.73,-42.47,288.26,0.0,-64.92,223.34
KCA-200872,0.0,-6.81,0.28,0.0,0,0.0,1190.4,30,-118.24,-28.29,-211.35,2025-02,Amazon-UK,1190.4,-124.77,1065.63,402.36,-642.0,423.6300000000001
KCA-200874,0.0,-19.11,0.18,0.0,0,0.0,2246.15,169,-520.27,-47.82,-395.22,2025-02,Amazon-UK,2246.15,-539.2,1706.95,491.42,-934.46,772.49
KCA-200953,0.0,-0.7000000000000001,41.0,0.0,0,0.0,94.11,7,-18.88,-0.87,-16.8,2025-02,Amazon-UK,94.11,21.42,72.69,0.0,-17.67,55.02
KCA-201033,0.0,-0.16,0.0,0.0,0,0.0,25.82,1,-3.26,0.0,-4.65,2025-02,Amazon-UK,25.82,-3.42,22.4,0.0,-4.65,17.75
KCA-201133,0.0,-24.41,0.16,0.0,0,0.0,3233.32,211,-649.53,-111.15,-558.98,2025-02,Amazon-UK,3233.32,-673.78,2559.54,0.0,-670.13,1889.41
KCA-201169,0.0,-8.870000000000001,0.0,0.0,0,0.0,1588.91,46,-154.01,-45.76,-277.83,2025-02,Amazon-UK,1588.91,-162.88,1426.03,0.0,-323.59,1102.44
KCA-201195--,0.0,-0.76,0.0,0.0,0,0.0,129.1,5,-15.25,0.0,-23.25,2025-02,Amazon-UK,129.1,-16.01,113.09,0.0,-23.25,89.83999999999999
KCA-201222,0.0,-2.64,0.11,0.0,0,0.0,445.28,13,-46.98999999999999,-20.74,-77.48,2025-02,Amazon-UK,445.28,-49.52,395.76,200.42,-298.64,97.12000000000006
KCA-201223,0.0,-1.93,0.0,0.0,0,0.0,417.86,10,-33.41,-19.86,-59.7,2025-02,Amazon-UK,417.86,-35.34,382.52,90.99,-170.55,211.97
KCA-201297,0.0,-11.11,0.0,0.0,0,0.0,1898.38,65,-209.57,-11.92,-337.84,2025-02,Amazon-UK,1898.38,-220.68,1677.7,374.54,-724.3,953.3999999999999
KCA-201315,0.0,-1.05,0.0,0.0,0,0.0,193.26,6,-18.19,-4.91,-33.91,2025-02,Amazon-UK,193.26,-19.24,174.02,0.0,-38.81999999999999,135.2
KINCLEARWHEY,0.0,-0.68,0.0,0.0,0,0.0,124.94,4,-11.96,-1.66,-22.2,2025-02,Amazon-UK,124.94,-12.64,112.3,78.58999999999999,-102.45,9.850000000000009
KINCOLLNEW,0.0,-5.24,0.0,0.0,0,0.0,884.45,34,-116.36,-32.35,-151.23,2025-02,Amazon-UK,884.45,-121.6,762.85,126.1,-309.68,453.17
KINETICAWHEYCHOMINT1KG,0.0,-1.61,0.0,0.0,0,0.0,275.94,8,-31.32,-6.19,-47.82,2025-02,Amazon-UK,275.94,-32.93,243.01,8.9,-62.91,180.1
KINLACTIVECHOC18KG,0.0,-5.100000000000001,0.0,0.0,0,0.0,923.56,20,-103.97,-46.08,-155.18,2025-02,Amazon-UK,923.56,-109.07,814.49,339.54,-540.8,273.6900000000001
KINLACTIVERASP18KG,0.0,-1.73,0.14,0.0,0,0.0,269.95,6,-37.16,-28.5,-44.88,2025-02,Amazon-UK,269.95,-38.75,231.2,100.49,-173.87,57.32999999999998
KINOATCHOC24KG,0.0,-13.75,27.08,0.0,0,0.0,2233.99,54,-289.27,-60.94,-393.71,2025-02,Amazon-UK,2233.99,-275.9400000000001,1958.05,358.73,-813.3799999999999,1144.67
KINOATCHOC48KG,0.0,-0.38,0.0,0.0,0,0.0,71.62,1,-5.87,0.0,-12.89,2025-02,Amazon-UK,71.62,-6.25,65.37,5.51,-18.4,46.97000000000001
KINOATRASP24KG,0.0,-2.97,76.93,0.0,0,0.0,437.74,11,-73.42,-7.57,-75.21000000000001,2025-02,Amazon-UK,437.74,0.5400000000000063,437.2,0.0,-82.78,354.42
KINPFUELWATER300,0.0,-1.81,0.0,0.0,0,0.0,293.98,13,-39.12,-11.34,-50.82,2025-02,Amazon-UK,293.98,-40.93000000000001,253.05,454.28,-516.4399999999999,-263.3899999999999
KINPUELBERRY300,0.0,-7.450000000000001,0.0,0.0,0,0.0,1210.04,53,-161.15,-34.87,-211.02,2025-02,Amazon-UK,1210.04,-168.6,1041.44,153.04,-398.93,642.51
KINRECOVORANGE15KG,0.0,-1.88,0.0,0.0,0,0.0,352.4,9,-32.34,-6.24,-62.32,2025-02,Amazon-UK,352.4,-34.22,318.1800000000001,92.84,-161.4,156.7800000000001
KINRTDSTRAW,0.0,-0.2,0.08,0.0,0,0.0,0.0,0,-6.01,0.0,-0.8099999999999996,2025-02,Amazon-UK,0.0,-6.13,-6.13,0.0,-0.8099999999999996,-6.94
KINVitDUK,0.0,-1.0,7.98,0.0,0,0.0,122.6,9,-26.96,-2.12,-21.6,2025-02,Amazon-UK,122.6,-19.98,102.62,135.32,-159.04,-56.41999999999999
KINWHEYBANA1KG,0.0,-0.38,0.0,0.0,0,0.0,64.98,2,-7.06,0.0,-11.7,2025-02,Amazon-UK,64.98,-7.44,57.54000000000001,0.0,-11.7,45.84
KINWHEYBANANA227KG,0.0,-2.59,35.58,0.0,0,0.0,444.3099999999999,9,-49.86,-6.79,-78.75999999999999,2025-02,Amazon-UK,444.3099999999999,-16.87,427.4399999999999,0.0,-85.55,341.8899999999999
KINWHEYCHOC1KG,0.0,-8.36,0.0,0.0,0,0.0,1475.15,43,-154.16,-50.09,-255.07,2025-02,Amazon-UK,1475.15,-162.52,1312.63,519.74,-824.9,487.7300000000001
KINWHEYCHOC227KG,0.0,-9.71,77.88,0.0,0,0.0,1611.16,31,-186.04,-29.36,-287.18,2025-02,Amazon-UK,1611.16,-117.87,1493.29,350.75,-667.29,826.0
KINWHEYCHOC4500KG,0.0,-11.65,68.6,0.0,0,0.0,2448.8,26,-168.09,-165.35,-411.0,2025-02,Amazon-UK,2448.8,-111.14,2337.66,687.36,-1263.71,1073.95
KINWHEYCHOCOMINT227KG,0.0,-4.44,0.46,0.0,0,0.0,680.63,14,-84.46000000000001,-32.11,-121.3,2025-02,Amazon-UK,680.63,-88.44000000000001,592.1899999999999,209.91,-363.32,228.8699999999999
KINWHEYSTRAW1KG,0.0,-5.15,0.0,0.0,0,0.0,921.07,27,-92.82,-44.92,-157.19,2025-02,Amazon-UK,921.07,-97.97,823.1,2.68,-204.79,618.31
KINWHEYSTRAW227KG,0.0,-13.44,0.32,0.0,0,0.0,2366.66,49,-259.38,-88.02,-411.93,2025-02,Amazon-UK,2366.66,-272.5,2094.16,222.49,-722.4399999999999,1371.72
KINWHEYVAN1KG,0.0,-7.02,23.38,0.0,0,0.0,1239.42,37,-130.54,-58.51,-211.55,2025-02,Amazon-UK,1239.42,-114.18,1125.24,102.86,-372.92,752.3199999999999
KINWHEYVAN227KG,0.0,-37.94,37.12,0.0,0,0.0,6617.179999999999,127,-699.9000000000001,-249.75,-1157.34,2025-02,Amazon-UK,6617.179999999999,-700.7200000000001,5916.459999999999,697.36,-2104.45,3812.009999999999
KINWHEYVAN4500KG,0.0,-6.2,0.0,0.0,0,0.0,1305.64,14,-87.46,-64.06,-222.73,2025-02,Amazon-UK,1305.64,-93.66,1211.98,247.85,-534.6400000000001,677.3399999999997
LACTIVECHOC900PANEU,0.0,-4.28,17.91,0.0,0,0.0,686.07,25,-93.89999999999999,-19.97,-118.17,2025-02,Amazon-UK,686.07,-80.27,605.8000000000001,0.0,-138.14,467.6600000000001
LACTIVERASP900PANEU,0.0,-1.86,0.08,0.0,0,0.0,275.68,10,-40.83,-9.219999999999999,-48.07,2025-02,Amazon-UK,275.68,-42.61,233.07,0.0,-57.29,175.78
OatgainRas48UK,0.0,-1.79,0.0,0.0,0,0.0,317.67,4,-33.05,0.0,-56.25,2025-02,Amazon-UK,317.67,-34.84,282.83,8.120000000000001,-64.37,218.46
PlantChocUK,0.0,-0.77,0.0,0.0,0,0.0,158.96,4,-13.85,0.0,-23.85,2025-02,Amazon-UK,158.96,-14.62,144.34,0.0,-23.85,120.49
PlantProteinUK,0.0,-0.38,0.0,0.0,0,0.0,64.98,2,-7.06,0.0,-11.7,2025-02,Amazon-UK,64.98,-7.44,57.54000000000001,0.0,-11.7,45.84
RTDSTRAWNEW,0.0,0.0,16.94,0.0,0,0.0,0.0,0,0.0,0.0,0.0,2025-02,Amazon-UK,0.0,16.94,0.0,0.0,0.0,0.0
X7-JI27-U1G1,0.0,-4.1,0.11,0.0,0,0.0,702.6700000000001,21,-74.42,-27.38,-122.62,2025-02,Amazon-UK,702.6700000000001,-78.41,624.2600000000001,178.2,-328.2,296.0600000000001
ZL-QLYS-HIQ5,0.0,0.0,15.84,0.0,0,0.0,0.0,0,0.0,0.0,0.0,2025-02,Amazon-UK,0.0,15.84,0.0,0.0,0.0,0.0
0,0.0,0.0,0.0,0.0,-25,-1129.64,0.0,0,0.0,0.0,0.0,2025-03,Amazon-UK,0.0,-1129.64,-1129.64,0.0,-25.0,-1154.64
200855,0.0,-1.37,0.0,0.0,0,0.0,290.58,3,-17.61,-12.7,-50.02,2025-03,Amazon-UK,290.58,-18.98,271.6,1313.08,-1375.8,-1104.2
6C-BUK7-5RZ2,0.0,-4.63,0.0,0.0,0,0.0,743.41,32,-107.67,-26.84,-127.14,2025-03,Amazon-UK,743.41,-112.3,631.11,638.5200000000001,-792.5000000000001,-161.3900000000001
6K-V5EA-6U0R,0.0,0.0,20.87,0.0,0,0.0,0.0,0,0.0,0.0,0.0,2025-03,Amazon-UK,0.0,20.87,0.0,0.0,0.0,0.0
83-ZFZ4-NNU1,0.0,0.0,20.87,0.0,0,0.0,0.0,0,0.0,0.0,0.0,2025-03,Amazon-UK,0.0,20.87,0.0,185.39,-185.39,-185.39
EP-368E-GHBP,0.0,-4.37,19.06,0.0,0,0.0,699.51,25,-95.32,-14.94,-121.75,2025-03,Amazon-UK,699.51,-80.63,618.88,527.8,-664.49,-45.61000000000001
KCA-200838,0.0,-9.52,0.0,0.0,0,0.0,1474.05,52,-275.42,-31.8,-215.65,2025-03,Amazon-UK,1474.05,-284.94,1189.11,625.67,-873.1199999999999,315.99
KCA-200839,0.0,-15.29,0.0,0.0,0,0.0,1984.97,84,-444.28,-96.99000000000001,-338.52,2025-03,Amazon-UK,1984.97,-459.5700000000001,1525.4,510.77,-946.28,579.1200000000001
KCA-200840,0.0,-11.29,0.0,0.0,0,0.0,1722.49,61,-329.06,-25.75,-252.42,2025-03,Amazon-UK,1722.49,-340.35,1382.14,551.4399999999999,-829.6099999999999,552.53
KCA-200844,0.0,-12.11,0.0,0.0,0,0.0,2151.97,60,-203.92,-51.25,-376.74,2025-03,Amazon-UK,2151.97,-216.03,1935.94,411.24,-839.23,1096.71
KCA-200845,0.0,-5.800000000000001,0.0,0.0,0,0.0,1039.41,29,-97.32,-32.42,-180.81,2025-03,Amazon-UK,1039.41,-103.12,936.2900000000001,406.42,-619.6500000000001,316.64
KCA-200846,0.0,-10.86,0.22,0.0,0,0.0,1895.75,53,-187.62,-78.46,-327.97,2025-03,Amazon-UK,1895.75,-198.26,1697.49,318.34,-724.77,972.72
KCA-200847,0.0,-6.4,0.13,0.0,0,0.0,1112.75,31,-111.59,-38.3,-192.46,2025-03,Amazon-UK,1112.75,-117.86,994.89,530.42,-761.18,233.71
KCA-200848,0.0,-2.27,0.0,0.0,0,0.0,397.43,11,-42.45,-16.45,-67.41,2025-03,Amazon-UK,397.43,-44.72,352.71,29.68,-113.54,239.17
KCA-200849,0.0,-32.26000000000001,0.5700000000000001,0.0,0,0.0,6155.44,114,-570.0300000000001,-289.53,-1058.88,2025-03,Amazon-UK,6155.44,-601.72,5553.719999999999,160.4,-1508.81,4044.909999999999
KCA-200850,0.0,-2.16,0.15,0.0,0,0.0,366.32,8,-42.57000000000001,-18.32,-61.64,2025-03,Amazon-UK,366.32,-44.58000000000001,321.74,1.19,-81.15,240.59
KCA-200851,0.0,-29.32,0.17,0.0,0,0.0,5638.26,104,-509.45,-165.46,-984.77,2025-03,Amazon-UK,5638.26,-538.6000000000001,5099.66,223.67,-1373.9,3725.76
KCA-200852,0.0,-17.36,0.36,0.0,0,0.0,3235.49,60,-314.39,-111.1,-560.93,2025-03,Amazon-UK,3235.49,-331.39,2904.1,3822.77,-4494.799999999999,-1590.699999999999
KCA-200853,0.0,-6.38,0.0,0.0,0,0.0,1166.2,25,-124.84,-14.86,-206.0,2025-03,Amazon-UK,1166.2,-131.22,1034.98,0.0,-220.86,814.12
KCA-200860,0.0,-204.02,1.07,0.0,0,0.0,36666.05,1175,-3804.29,-666.0500000000001,-6452.68,2025-03,Amazon-UK,36666.05,-4007.24,32658.81,22325.83,-29444.56,3214.250000000007
KCA-200862,0.0,-4.5,0.17,0.0,0,0.0,785.56,16,-84.57000000000001,-21.56,-138.51,2025-03,Amazon-UK,785.56,-88.9,696.66,5.140000000000001,-165.21,531.4499999999999
KCA-200864,0.0,-0.23,0.0,0.0,0,0.0,41.66,1,-4.73,-4.17,-6.75,2025-03,Amazon-UK,41.66,-4.960000000000001,36.7,89.39,-100.31,-63.61000000000001
KCA-200865,0.0,-15.69,0.15,0.0,0,0.0,2673.12,63,-328.0,-89.98,-462.0,2025-03,Amazon-UK,2673.12,-343.54,2329.58,455.45,-1007.43,1322.15
KCA-200866,0.0,-7.48,0.0,0.0,0,0.0,1508.28,21,-123.79,-125.59,-248.76,2025-03,Amazon-UK,1508.28,-131.27,1377.01,16.71,-391.06,985.9500000000003
KCA-200867,0.0,-5.279999999999999,0.0,0.0,0,0.0,1075.34,15,-89.09,-100.36,-175.29,2025-03,Amazon-UK,1075.34,-94.37,980.9700000000001,17.63,-293.28,687.6900000000002
KCA-200868,0.0,-4.23,0.0,0.0,0,0.0,692.5699999999999,30,-91.38,-16.49,-121.5,2025-03,Amazon-UK,692.5699999999999,-95.61,596.9599999999999,0.13,-138.12,458.8399999999999
KCA-200870,0.0,-2.74,0.08,0.0,0,0.0,419.34,18,-61.15,-10.37,-73.71,2025-03,Amazon-UK,419.34,-63.81,355.53,25.58,-109.66,245.87
KCA-200871,0.0,-4.34,0.0,0.0,0,0.0,848.01,21,-73.08,-40.22,-145.44,2025-03,Amazon-UK,848.01,-77.42,770.59,0.0,-185.66,584.9300000000001
KCA-200872,0.0,-8.08,0.14,0.0,0,0.0,1504.48,37,-141.85,-51.24,-261.36,2025-03,Amazon-UK,1504.48,-149.79,1354.69,846.4499999999999,-1159.05,195.6400000000001
KCA-200874,0.0,-24.44,0.32,0.0,0,0.0,2910.42,213,-672.41,-75.02,-507.55,2025-03,Amazon-UK,2910.42,-696.53,2213.89,3395.01,-3977.58,-1763.69
KCA-200953,0.0,-0.19,0.0,0.0,0,0.0,26.64,2,-5.44,-1.33,-4.56,2025-03,Amazon-UK,26.64,-5.630000000000001,21.01,0.0,-5.890000000000001,15.12
KCA-201033,0.0,-0.54,0.11,0.0,0,0.0,60.8,2,-9.78,-2.48,-11.55,2025-03,Amazon-UK,60.8,-10.21,50.59,12.02,-26.05,24.54
KCA-201133,0.0,-0.11,7.38,0.0,0,0.0,15.82,1,-2.94,-1.58,-2.56,2025-03,Amazon-UK,15.82,4.33,11.49,0.0,-4.140000000000001,7.35
KCA-201169,0.0,-10.89,0.0,0.0,0,0.0,1958.82,55,-183.46,-51.21,-342.72,2025-03,Amazon-UK,1958.82,-194.35,1764.47,273.15,-667.0799999999999,1097.39
KCA-201195--,0.0,-7.37,0.0,0.0,0,0.0,1266.2,48,-163.23,-56.46,-214.74,2025-03,Amazon-UK,1266.2,-170.6,1095.6,639.94,-911.1400000000001,184.46
KCA-201222,0.0,-1.36,0.0,0.0,0,0.0,244.93,7,-22.82,-7.0,-42.84,2025-03,Amazon-UK,244.93,-24.18,220.75,70.4,-120.24,100.51
KCA-201223,0.0,-2.88,0.0,0.0,0,0.0,602.39,14,-51.88,-15.86,-86.94,2025-03,Amazon-UK,602.39,-54.76,547.63,310.67,-413.47,134.16
KCA-201297,0.0,-17.27,0.11,0.0,0,0.0,2909.09,98,-338.53,-50.53,-508.66,2025-03,Amazon-UK,2909.09,-355.69,2553.4,2232.84,-2792.03,-238.6300000000001
KCA-201315,0.0,-2.2,0.0,0.0,0,0.0,372.34,11,-45.9,-6.5,-63.17,2025-03,Amazon-UK,372.34,-48.1,324.24,39.66,-109.33,214.91
KINCLEARWHEY,0.0,-0.35,0.0,0.0,0,0.0,64.98,2,-6.08,-3.25,-11.11,2025-03,Amazon-UK,64.98,-6.43,58.55,262.7,-277.06,-218.51
KINCOLLNEW,0.0,-1.29,0.0,0.0,0,0.0,211.34,8,-29.18,0.0,-37.2,2025-03,Amazon-UK,211.34,-30.47,180.87,0.15,-37.35,143.52
KINETICAWHEYCHOMINT1KG,0.0,-0.38,0.0,0.0,0,0.0,69.98,2,-6.52,-3.5,-11.97,2025-03,Amazon-UK,69.98,-6.899999999999999,63.08000000000001,116.69,-132.16,-69.07999999999998
KINLACTIVECHOC18KG,0.0,-7.84,0.15,0.0,0,0.0,1436.14,30,-146.63,-58.94,-249.44,2025-03,Amazon-UK,1436.14,-154.32,1281.82,1160.71,-1469.09,-187.27
KINLACTIVERASP18KG,0.0,-1.27,59.34,0.0,0,0.0,238.83,5,-25.03,-14.25,-40.17,2025-03,Amazon-UK,238.83,33.04000000000001,205.79,305.47,-359.89,-154.1
KINOATCHOC24KG,0.0,-10.45,0.42,0.0,0,0.0,1687.27,40,-215.86,-41.77,-298.05,2025-03,Amazon-UK,1687.27,-225.89,1461.38,996.5,-1336.32,125.0599999999997
KINOATCHOC48KG,0.0,-0.76,0.0,0.0,0,0.0,143.24,2,-11.74,0.0,-25.78,2025-03,Amazon-UK,143.24,-12.5,130.74,1.14,-26.92,103.82
KINPFUELWATER300,0.0,-0.5800000000000001,0.0,0.0,0,0.0,90.99,4,-13.03,0.0,-16.2,2025-03,Amazon-UK,90.99,-13.61,77.38,995.74,-1011.94,-934.5600000000001
KINPUELBERRY300,0.0,-2.84,0.0,0.0,0,0.0,460.86,20,-66.36,-22.7,-77.12,2025-03,Amazon-UK,460.86,-69.2,391.66,515.91,-615.73,-224.0700000000001
KINRECOVORANGE15KG,0.0,-0.84,0.14,0.0,0,0.0,120.16,3,-13.92,-0.19,-23.04,2025-03,Amazon-UK,120.16,-14.62,105.54,37.24,-60.47,45.06999999999999
KINVitDUK,0.0,-1.11,0.05,0.0,0,0.0,120.92,9,-30.44,-1.33,-21.84,2025-03,Amazon-UK,120.92,-31.5,89.42,69.55,-92.72,-3.299999999999997
KINWHEYBANANA227KG,0.0,0.0,35.58,0.0,0,0.0,0.0,0,0.0,0.0,0.0,2025-03,Amazon-UK,0.0,35.58,0.0,0.0,0.0,0.0
KINWHEYCHOC1KG,0.0,-4.7,0.0,0.0,0,0.0,840.58,24,-79.06,-21.0,-147.42,2025-03,Amazon-UK,840.58,-83.76,756.82,1007.97,-1176.39,-419.5700000000001
KINWHEYCHOC227KG,0.0,-1.12,0.0,0.0,0,0.0,213.28,4,-18.92,0.0,-38.4,2025-03,Amazon-UK,213.28,-20.04,193.24,571.77,-610.17,-416.9299999999999
KINWHEYCHOC4500KG,0.0,-13.79,137.55,0.0,0,0.0,2795.05,29,-184.29,-113.48,-484.67,2025-03,Amazon-UK,2795.05,-60.53,2734.52,1539.39,-2137.54,596.9799999999996
KINWHEYCHOCOMINT227KG,0.0,-2.65,0.0,0.0,0,0.0,503.69,11,-52.03,-45.8,-82.44,2025-03,Amazon-UK,503.69,-54.68,449.01,489.79,-618.03,-169.02
KINWHEYSTRAW1KG,0.0,-2.43,0.13,0.0,0,0.0,419.88,12,-42.38,-28.0,-71.11,2025-03,Amazon-UK,419.88,-44.67999999999999,375.2,0.75,-99.86,275.34
KINWHEYSTRAW227KG,0.0,-21.93,0.0,0.0,0,0.0,4101.33,89,-423.1800000000001,-188.69,-702.91,2025-03,Amazon-UK,4101.33,-445.1100000000001,3656.22,782.59,-1674.19,1982.03
KINWHEYVAN1KG,0.0,-8.3,-22.92,0.0,0,0.0,1519.72,43,-143.3,-75.03,-259.56,2025-03,Amazon-UK,1519.72,-174.52,1345.2,859.41,-1194.0,151.2
KINWHEYVAN227KG,0.0,-15.79,226.86,0.0,0,0.0,3063.63,57,-284.04,-187.2,-518.05,2025-03,Amazon-UK,3063.63,-72.97000000000003,2990.66,2108.57,-2813.82,176.8399999999997
KINWHEYVAN4500KG,0.0,-5.36,0.0,0.0,0,0.0,1149.84,12,-67.56,-38.32,-200.08,2025-03,Amazon-UK,1149.84,-72.92,1076.92,493.72,-732.12,344.7999999999998
LACTIVECHOC900PANEU,0.0,-1.42,0.0,0.0,0,0.0,237.15,8,-26.08,-6.79,-41.47,2025-03,Amazon-UK,237.15,-27.5,209.65,513.32,-561.58,-351.9300000000001
LACTIVERASP900PANEU,0.0,-0.34,0.0,0.0,0,0.0,58.32,2,-6.52,-2.92,-9.969999999999999,2025-03,Amazon-UK,58.32,-6.859999999999999,51.46,285.07,-297.96,-246.5
OatgainRas48UK,0.0,-2.38,0.0,0.0,0,0.0,435.53,6,-41.61,-3.74,-77.34,2025-03,Amazon-UK,435.53,-43.99,391.54,1.1,-82.17999999999999,309.36
PlantChocUK,0.0,-0.2,0.0,0.0,0,0.0,41.99,1,-3.26,0.0,-6.3,2025-03,Amazon-UK,41.99,-3.46,38.53,0.0,-6.3,32.23
X7-JI27-U1G1,0.0,-1.84,0.0,0.0,0,0.0,351.56,10,-32.59999999999999,-29.66,-57.96,2025-03,Amazon-UK,351.56,-34.44,317.12,1190.05,-1277.67,-960.5500000000001
